179324107
260494628
289344107
291184201
250117603
183983833
291910703
277674026
278464324
278918748
292143579
277672660
278632436
292148167
292424745
273497672
289900005
242094496
292432803
257748743
292432615
292432603
257748611
270025641
276602782
258764978
257748497
276458544
246401887
278917806
274752122
219803907
155680416
278917736
257748197
292163459
278651668
278920420
287896299
246206161
210776960
184079522
231014728
211855435
258963516
216523149
269616976
267417621
239754151
275716752
264120692
292438635
292438571
264018217
178507416
276864958
292431597
277292514
259991343
267190146
257713948
278916886
292431369
194293832
292431305
234799289
257713876
258159491
270623498
275003872
276127060
245282418
254866206
258660215
278923412
277629042
278916628
292313341
257713746
266631543
257453763
193444488
278916366
168262769
266632257
269610010
194412539
235908504
257713692
278775342
266736468
288548347
73750720
245493717
245562294
245595278
278915928
256539945
264650647
264650627
264650693
264756846
264756874
264756898
236437273
251833737
236556682
251832683
236443957
252074024
253000906
252076698
251967311
252996568
251943116
252999722
253003070
251964145
251945460
251980719
251972795
251840747
251839711
252901643
251981957
252074518
251837945
252903097
269614124
269754046
269756890
269615718
269756148
269754966
254323737
253841509
253943802
254326187
254328465
254327955
254324907
254724100
254856952
254731872
254845792
254728884
254732147
254840030
254627179
254750901
254731266
254728204
240452215
256871639
256955074
256816308
256854347
256812728
256854741
240459981
256934394
256807374
256871671
273149014
256974670
256974828
286661573
273150154
273150602
256974352
256974600
256974532
256974792
257558662
257558546
257686910
257551216
257583685
257447893
257550740
257713522
257713578
257583131
257608791
257551172
241262772
257561868
257853746
257780379
257853290
257853692
257885590
257885444
241989465
241993045
258602100
241995403
258661161
288905667
258660579
258660253
288906601
288905259
258661613
288908429
275396686
257448105
252891217
275400200
288909587
242100146
288909181
292430155
258661355
257457995
291548443
240568038
269513171
252088398
254620661
240453713
256814812
242207770
257748783
202353112
163343100
278915646
183931279
287538157
278915540
271041742
292421381
234965053
287539583
110999272
215713653
246816467
274078834
185107448
257489688
233681623
253499448
292409683
253294217
220787230
229260518
245347054
229232075
264629371
218503363
278914942
234967037
231261943
264993757
269189285
91412711
241917840
278921384
233047805
248458028
130328725
249509211
254514249
255538834
246671051
245694603
292428969
292287831
290472921
112748611
245540452
262314196
262300852
262207815
262200027
262301864
262200831
262303544
231961694
244712219
276247940
245539422
265222403
276709258
292068553
244587175
159359841
198725254
229411269
242044934
292301339
152056070
265128183
276943204
260945076
292432713
289664005
73695350
75208050
182835247
278772754
239878529
219956662
289519731
198766143
289696497
292427811
292434689
272577106
278147862
288088999
244714523
292433669
276459536
245309489
289532875
240191547
278913168
278918544
244446293
244437139
257885101
278919796
244532870
236597315
266250292
243184063
245798726
200521846
244453619
278912730
172745158
278702152
200763658
252351519
244584645
192909962
245698789
278794282
268174275
285698433
172189602
245711246
199217485
278273634
289955323
223520708
278919132
270749887
261538756
244575998
275685860
192843247
276334316
276450082
292355179
292426669
276311212
164719204
275136234
289963253
292433485
289964567
272886800
217632744
278158156
292367289
291536019
216346660
289832381
234085094
255753843
269894802
290454827
236033589
269791085
292425653
193492585
278911194
291604105
231741832
292426177
246450466
277703324
278203272
274662014
103313253
274314784
251107274
292425199
274841292
289089541
247275248
278910712
252192736
267274054
270692228
292405381
270818640
286402813
217629398
125768336
291754387
272231760
275461164
275460828
291319665
277821778
277820292
291336839
288969517
292283027
278910052
175429071
290080051
278226788
278708034
291739951
291737473
278705794
291735319
246231697
116801554
291594283
292423907
266450024
249786220
292423433
278258878
290730427
264310424
226506314
273348796
273484280
288789481
227718338
288839863
292423141
291863219
219823997
198737095
246324958
275036014
239073197
262206290
291923517
261941918
265129450
239849520
252618676
292422489
275500920
263176244
232888272
248123950
263707482
190327582
264189901
242901572
249741843
231494656
265729645
262304078
250761454
250424283
250200280
262648165
266644484
267240584
267167233
239842599
241768185
267786655
262203379
261756391
266999827
248985843
245449179
253413568
254056578
237428934
269716312
247845964
270065772
229471067
270257828
270436339
241382201
232836178
270825240
270832858
270728147
254233644
225010704
250200222
241498078
232834752
232290034
271894848
264189775
271913520
272066904
270146249
227445852
234816215
190652335
286938577
262420899
267135183
235068918
287372707
256935763
256242008
273925924
273976566
274073112
287728481
287728573
247693558
232973016
247049952
288157351
288282175
274773186
263459361
288675131
288675417
249734117
290804641
218666535
275457556
289136465
245103790
275755246
289266685
289266847
289267429
275756592
275756910
289271701
275761002
289272319
263604429
289552831
289553219
289554695
258797541
236874182
222133511
263602967
289923603
246948613
261481611
269949920
241610676
234601584
277054064
290570781
277059024
290571389
234573107
240047749
245571368
290867507
257192926
277355138
241147341
231048304
235336111
247845720
259165917
259277546
254950768
275760764
255574499
286726895
291513501
274073366
262296649
229792117
253408300
292034749
292034817
232280119
292141027
256937443
276989674
259019783
270065798
276043140
278907108
246438350
259632490
223522927
278764024
224093634
292279661
267385132
108814530
275681258
276064514
240488052
237563892
240485170
240377635
290256945
240484472
249184625
240418283
243520036
196228383
240388415
249472620
249133709
240419405
249240390
240418769
240376283
248403395
153051265
150771219
240376977
240384363
173861910
127188749
249134141
153050123
103702694
208948014
289770265
76519142
292420503
292405153
223529879
75415355
73259845
205392427
269990166
156309095
236525104
171304787
198116606
232213100
73254306
292405585
278905486
276309720
246291331
244390274
163889859
288653593
106039098
260694815
193187820
76336411
268528208
262954939
292275417
292419213
224496818
278904660
286482479
248721857
278904354
232622252
278904312
278904292
127254184
292327781
292328047
205019443
179537192
179531994
179546993
278873252
208928247
234069586
266858079
292405305
292418355
232435374
127395097
291394767
247985820
171717889
245253771
273502586
265790336
292417925
292387841
151130074
278762282
240959002
207285187
167185148
263591289
261665176
292273087
265108245
101224323
223108230
268692340
292417309
260835679
292272745
278758748
233920332
278758314
230484457
260275693
292416515
260812767
260923008
261240186
292416269
269111312
248575508
233201468
178256061
109208440
76689879
288992661
288973343
288974971
240997794
235272395
271450881
234278541
251023008
239268080
278422024
71634219
232423015
278759948
289625797
228785313
249637997
215546666
292273535
189204857
292414799
257672769
118036747
225645789
292269647
254429683
170198116
225883734
225892757
225888156
256071463
225768348
233321285
233475888
226116004
292414453
225848084
169910056
226089285
226140548
225770418
127414551
245706052
292272701
245599649
90752977
291657257
277850418
241940667
287643639
245708564
201579084
253925762
285800187
127398084
263374212
262811883
266032851
232781716
264657464
272286776
234124321
287916353
248599034
252588975
201296746
245613457
275679644
245845445
277170548
292413625
245790132
192972473
288312467
275768578
79031295
278890824
290101423
235169351
261682634
265464924
289413703
239865306
278898562
292268205
246942679
278898522
253185060
250839665
62273166
235150987
175226247
237457794
117246756
252004776
278705462
116917736
231492075
204468692
291777569
267564580
201891953
256327109
292412127
256881080
181363414
266762758
253297286
247088358
285607719
254662297
288180329
277297310
257768796
278897334
187397343
270422407
67121795
262988335
263208605
278897024
256442547
278756062
267425928
184056594
255917131
270034181
265729415
270031721
270138758
270134940
265835658
265833760
256723282
209363259
278896748
263729096
252803016
184479334
189222809
292256593
278744978
255819428
251252125
292410765
126981087
124779794
292260651
292410629
271592534
227507795
292410427
271254909
257988540
245686884
245687582
278369240
269863640
81810734
198727038
272575212
278895624
210819051
223775163
292050791
270655335
270443578
230867547
278717138
278855422
278853390
276232730
120240197
292328405
95017906
292378779
250902435
226967464
255544087
292268131
264417259
292062213
267000249
270901550
292408289
278231730
213722217
274263904
204798167
165807873
222254090
204798471
274410042
250665878
267520708
277367096
292407821
237271045
291001367
188238095
247281904
278893010
244825604
247827626
224208607
278680178
269728591
271459851
270343771
292406977
270447558
271574276
292027709
276585150
290880393
290097257
276312952
273595876
265666800
292406749
229086117
278747360
237352186
291474665
289767723
276259638
268276418
288953505
238948032
290980285
243661775
267292391
286485207
267764190
271911986
277325738
266942976
239982608
291353941
278891856
277832444
292405993
268338791
184103011
252453358
278891462
211901829
272039830
268864325
272035894
278891330
253976859
261137104
247219763
289690149
289695525
291218075
268996139
259564828
292405197
271984906
250022320
250777623
227517558
227517627
258878521
250357297
278805024
261917734
226873308
266623867
226382480
252463663
277628046
274634790
278394926
278777894
270971613
278560158
246687170
