288549843
195898799
205367864
204076211
204389372
205364458
278099418
189420735
216623172
270146600
223362910
113658044
239476748
245789321
274774610
241621020
271058096
270951987
270952099
271058638
271058858
271911058
285425687
156277837
129283179
255790928
292138511
209604526
152360582
272569852
215664774
205414497
230379102
74058384
268200277
73108869
250430899
229513977
107780279
236870472
205694205
163772224
175383596
125560599
206948736
292402061
97573853
252957689
249463881
129011856
201440909
187612213
118647814
118647477
118646183
267812202
237733276
269567586
271276329
271278993
277415812
264853730
270534397
270533239
262932869
275332288
154806669
277943648
278868062
291458023
109949500
264888736
266497054
220874327
110188985
291459773
247915270
278868628
246804816
264361664
154636344
222065964
265570054
243542663
241708572
206169521
233759967
248697603
165778270
292267717
236251415
267177314
119745761
171283322
181654823
270802792
243780014
130369547
270010664
241709580
89919534
236674626
249644472
277253364
112032552
154636461
216840129
181233323
290958679
266858921
257456015
187447758
275329104
288839535
253541349
289342535
275831912
288536217
266672340
275027562
105874506
269207166
121626204
233380767
278381334
218543130
290597713
210657659
160932670
227813963
220063689
266794010
260969256
174961653
154224643
232894103
278586868
278587120
191221367
292101395
243933567
208993603
277154190
229628170
290665781
290664809
277151202
236004901
231419118
160578686
175729302
277150652
245251393
114536578
268196523
150462127
290660973
179953704
289589845
246138851
286210735
272933088
251097115
267600318
245153943
239487408
245177597
245390204
245132547
245646080
270211444
216008202
292265453
202020157
168646406
128549244
67801983
277652124
232390588
265804877
269425208
159470014
249037470
259954599
251039754
251420484
188800968
240091383
208981554
208989725
240088781
240192946
240088609
227403635
227401127
243598742
278213536
292101121
291725057
292100909
261174358
278212530
292101189
205913942
112366106
231805468
266903253
270841924
266097287
266068050
251942942
185393910
154223887
111405373
184845491
238213981
247480250
267623511
272672974
261008756
286068827
276919968
276920718
276665326
109952059
276665566
290175291
287916335
268097989
288368125
286612251
287916263
276920444
290440189
274405232
276927980
273093564
288368533
290439529
275669214
238630305
253975205
277428460
199563391
184997284
197672310
278082046
162219451
251467496
289991951
289992361
266787519
276481474
276481450
260608255
276481878
289992881
276482360
289991901
276482322
248622451
258862783
278793224
105386628
223015477
285475897
287970625
288993297
211940253
255756369
201420977
251360711
106464478
245040632
102858439
278108754
207204638
267047846
253612446
159992509
163650052
278776952
223367573
260077776
188715779
89433448
278774152
215772911
204422396
245821174
290277135
265568870
246460186
266697899
182665089
278764614
234562262
225574714
226705992
85973929
278445344
258662622
261464645
260504614
260394371
258371839
232388148
292132011
248369506
152596956
231160062
109425542
109477684
209957387
117896564
102806927
193656378
248665064
266073239
186137532
287809877
269604180
184682639
188009980
269932389
267704230
267705180
247022606
265497275
269606086
269613864
269663569
256481796
256382889
111451764
207468194
193666803
184676930
203925230
129687511
195647105
129202386
265641649
105824695
266665518
266561451
195639910
269506121
269507187
269612568
238979837
123955276
220852582
110751926
181527663
112547363
209957797
128373439
114930201
161352014
229309465
118897130
117810720
186137150
229499947
267598459
267600839
267705594
188906175
88784373
269508713
101189305
118960777
112550464
244217432
187342790
200895599
159592914
162849937
196182618
249572572
155789068
127852133
204172492
203924830
110183744
96220398
204186009
184678131
110750742
110565032
162836598
150463385
204593847
127329994
111377222
159604143
227110714
110553676
117794548
267596357
229264306
91270379
111185154
94267550
181988643
244766351
200923601
181984905
228356962
272374236
189959495
203243698
229825124
245115591
117891292
105993712
121687871
231479859
128811713
262852599
285903889
270738298
207519002
166460612
93816388
229328548
196181588
227112340
207202428
105822086
200777158
93560832
265046797
292227481
105818870
98426609
213785615
177924649
102239202
129196759
229484948
229823234
271500356
270560999
162951577
188790693
270342939
277396968
188782546
270632463
207203838
263458461
274662514
245817158
265583408
265493539
265477635
265583612
270889377
110549917
273124224
286633057
263451739
276315070
289826993
276313248
276312110
273122616
246094817
246179162
184311222
277844648
278012460
179251452
118958109
158423074
158271396
246115351
228819291
270565533
90807760
264088245
271145428
277315430
277314884
195106959
237682957
261396560
235675827
208074352
261464247
225103004
200784773
225888482
226121713
93889547
246220152
246113691
109522527
118177629
262853827
291355835
278723602
233740933
119554620
200785115
290103571
230380710
230374793
190312449
209063442
225104477
276592156
201205232
191660253
228986941
104302825
104223019
96086543
97432900
103165358
129336121
128782376
233741117
239893586
225942572
233804210
234530823
236165943
234534589
291463185
189944892
210790623
285556141
249463331
107803838
274658450
198810937
228819343
225103915
189887809
261034227
245181745
251583259
179262115
187556960
129005931
225889507
220311541
250088358
220852147
89644218
244207049
268789658
179456181
157405500
277985900
277671082
198910959
258971678
238205204
230039626
225104995
236278930
223979173
108344375
230038878
291357621
236279248
108554307
154431506
176550960
155280504
233664078
195512335
214880738
257756681
255266705
245269256
242114393
272162376
291547817
274150828
267196117
250891811
236913506
274104970
278036002
266449400
277970492
237780480
271332860
262901605
248642408
249767534
255006649
263213022
237822334
270608921
268067572
253942484
124877375
192115628
275591734
292223447
278708776
218544410
150460812
256340891
173601232
273979520
286823641
232395483
127370102
278706096
231706738
231451166
286562437
273303414
248946819
100068182
71744114
247432594
261143417
278699446
195382989
292212309
201103756
249142759
278503658
278200940
210060698
89644099
268198574
218549416
184181436
270623808
206998421
225913817
97537459
98745619
210267090
276726968
184416046
151985036
210265132
248811521
119772980
268932527
246556242
180863288
171871134
171887189
183357747
270034722
253765074
253543129
212184320
253654679
192764736
189032518
224912166
235638081
184292624
261290087
111486268
204323609
255902397
74058784
268197276
94431664
218543751
219658874
268099235
256340165
256439906
218546044
268197435
256438566
120382022
120381615
97516827
165870151
204319365
126613778
157743554
179910093
111493679
120313714
268304940
122403377
120313565
121538490
218556840
256000930
218546970
120381485
167480610
120313637
122403176
121626579
122403615
75889464
77701656
268097763
264445054
120381930
105306498
268195515
256005302
75576710
265918560
262445502
159120013
278588104
289226747
223045039
102809463
151909669
275888568
170036079
278587874
251409808
247076447
253242309
253240345
253344672
253241161
253243089
253339928
253426820
253241579
253240675
291109329
122448952
261939368
164771327
254789878
270626436
255765855
206282551
271221985
240700943
248260762
287504447
177864379
291579657
248573704
215620888
109951584
93924556
175696778
220220717
205041986
245178751
270515837
193187503
89644173
237724972
100865320
128680855
248139700
270341682
255026060
222216276
179871294
225762820
179879179
203184937
180535593
193414081
262894669
230304175
248596266
208861353
259678601
209889552
269701003
235030315
172437869
227397538
243085472
227316216
291245881
89643745
264891305
291449145
233284961
158399281
231621932
96698766
257707635
195763678
277733850
247631345
97695976
291977613
150244347
123264915
105328762
264993621
254262200
227865686
226826712
246185008
288230011
226782963
226825576
242710106
205770437
181108238
231059015
266180588
214888805
253959236
160615477
178571849
218385776
244069259
213333932
129044246
178559524
217816397
178574747
130006464
262934184
196502378
100694483
242977029
243704558
158412126
129989767
160269450
265392500
212024385
211935024
211942911
214570978
211945337
211152672
211714184
214566456
214549902
214569924
214551297
215663249
208532195
215662539
218385775
262653613
122886380
290585993
251220154
178035732
242295768
174966353
268486003
165031933
174849883
264945167
252276130
269314985
287734307
253855489
233264365
234850585
248370942
70472575
216403708
242544583
291927557
152593815
265675394
265652242
291295161
286464379
195106492
285522931
292101543
229507267
292099761
278361708
291719993
278585118
224950193
183331232
268697632
206085398
291259109
243125923
204011619
250694083
250803020
180104738
194788532
261327413
277782346
290242007
228402966
261940130
124887215
286370579
286287981
286638059
266113651
268992050
266219584
215735848
266219344
106368636
59929699
285366189
83819512
185019468
59928793
116381134
58978119
251449139
112899453
236383066
257718245
228741021
278562674
278562506
277779648
292075869
291292269
278562186
292075493
277782762
124720973
255044078
271177720
271491458
276466374
276467288
290544681
290547285
277726792
277792182
277795094
277797952
291312261
291859161
291863889
291873945
278363102
252253833
258457626
194150331
225170324
194138502
194150035
227863069
286561801
267176254
271580610
220053113
219992882
278544020
245866779
244379903
278186726
262995950
249206721
263307728
270034456
270394944
263306906
263204681
225914169
233842877
242287462
237794331
240007519
251161824
268814936
271496114
178875884
267231005
273363558
243143523
241083768
243158771
268664623
253452604
191513007
247942135
235461096
277373316
290603559
158737680
270801808
108308835
275752062
250302077
278507956
238630795
278506126
